05127
05128
05129
05130
05131
05132
05133
05134
05135
05136
05137
05138
05139
05140
05141
02829
02830
02833
02834
02835
02837
00553
02839
00557
02840
02844
05224
02846
00025
00024
00023
00020
02847
02852
00014
00562
00566
00568
00026
00571
00572
00576
00577
00578
00579
00583
00588
00589
00590
00591
00592
00595
00596
00597
00601
00602
00606
00607
00608
00610
00611
00612
00613
00614
00615
00616
00617
00618
00619
00620
00027
00028
00034
00035
00039
00040
00043
00045
00046
00624
00625
00626
00628
00636
00637
00640
00641
00642
03497
03503
00048
00051
00052
00057
00058
00069
00072
00073
00074
00075
00076
00077
00078
00080
00081
00082
00083
00084
00086
00087
00089
00090
00091
00094
00098
00097
00099
00100
00106
00109
00110
00111
00112
00115
00116
00117
00118
00120
00122
00124
00125
00127
00133
00143
00147
00150
00152
00157
00160
00162
00163
00164
00165
00145
00146
00166
00167
00168
00169
00170
00172
00173
00174
00159
00177
00179
00180
00181
00182
00183
00184
00185
00186
00187
00188
00189
00175
00191
00192
00193
00194
00195
00198
00199
00202
00203
00204
00205
00206
00207
00208
00209
00210
00211
00212
00214
00215
00216
00217
00218
00219
00220
01592
01593
01596
01597
01598
01599
01601
01602
01603
00221
00222
00223
00224
00225
00226
00227
00228
00229
00230
00231
00232
00233
00234
00235
00237
01606
01607
01608
01611
01612
01614
01616
01617
00238
00239
00242
01618
01619
01620
01621
01623
01624
01625
01626
01628
01629
01630
01631
01632
04801
04802
04803
04804
04808
04809
04810
04811
04812
04813
04814
04815
04816
04817
04819
04820
04821
04822
04823
04824
04825
04826
04827
04828
04829
04830
04831
04832
04834
04835
04836
04837
04838
04839
04840
04841
04842
04843
04844
04845
04846
04847
04848
04849
04850
04852
04853
04854
04855
04856
04857
04858
04859
04860
04861
04862
04863
04864
04865
04866
04867
04868
04869
04870
04871
04873
04874
04875
04876
04877
04878
04879
04880
04881
04882
04883
04885
04886
04887
04888
04889
04890
04891
04892
04893
04894
04895
04896
04898
04899
04900
04901
04902
04903
04904
04905
04906
04907
04908
04909
04910
04911
04912
04913
04914
04915
04916
04917
04918
04919
04920
04922
04923
04924
04925
04927
04928
04929
04930
04931
04932
04933
04934
04935
04937
04938
04940
04942
04943
01634
01635
01636
01637
01639
01640
01641
01642
01643
01644
01645
01646
01647
01798
01799
01800
01801
01802
01803
01804
00241
00243
00244
00245
00246
00247
00248
00249
00250
00251
00252
00253
00255
00256
00257
00258
00259
00260
00261
00262
00263
00264
00265
00266
00267
00268
00269
00270
00271
00274
01649
01650
01651
01652
01653
01654
01655
01656
01657
01658
01660
01661
01662
01663
01664
01665
01666
01667
00276
01668
01669
01672
01673
01674
01675
01676
01680
01681
01682
01683
01685
01687
01688
01689
01690
01691
01692
01693
01694
01695
04333
04335
04347
04936
01696
00277
00278
00280
00283
00284
00293
00308
00311
00312
00313
00314
00318
00319
00320
00321
00322
00323
00324
00325
00326
00327
00328
00329
00330
00331
00332
00333
00334
00335
00336
00337
00338
00339
00340
04944
04945
04946
04948
04949
04950
04951
04952
04953
04954
04956
04957
05225
04958
05226
04959
05227
04960
04961
05228
04962
04963
05229
05230
05231
05232
05233
05234
05235
04964
05236
04965
05237
04967
04968
04969
04970
04973
04974
04975
04976
04977
04978
04979
04980
04981
04982
04983
05238
04984
05239
04985
04986
05240
04987
04988
05242
05243
04990
04991
05244
04992
05245
04993
04995
05246
05247
04996
04997
05248
05249
04998
04998
04999
05000
05251
05001
05002
05253
05255
05003
05004
05005
05006
05256
05007
05008
05257
05258
05010
05011
05259
05012
05013
05260
05261
05014
05015
05262
05263
05016
05264
05265
05017
05266
05018
05267
05019
05268
05020
05269
05270
05021
05271
05272
05022
05273
05274
05023
05024
05275
05025
05026
05277
05027
05028
05278
05029
05279
05030
05280
05031
05281
05032
05033
05034
05282
05035
05036
05283
05284
05037
01805
01806
01808
01809
01810
01811
01812
01813
01814
01815
04704
04703
04702
04701
04700
04681
01819
02665
02666
02668
02669
02671
02674
02675
02678
02679
02681
02683
02688
01822
01834
01836
01841
01842
01852
02701
05040
05039
05285
05286
05041
05287
05042
05288
05289
05044
05290
05045
05292
05293
05294
05046
05047
05048
05049
05296
05297
05298
05299
05300
05302
05303
05304
05305
05306
05307
05308
05050
05051
05053
05054
05056
05058
05059
05062
05063
05064
05065
05066
05067
05068
05069
05070
05071
05072
05073
05074
05075
05076
05077
05078
05078
05079
05080
05081
05083
05085
05086
05087
05088
05088
05089
05090
05091
05092
05095
05096
05097
05097
05099
05100
05101
05102
05103
05105
05106
05107
05108
05109
05110
05111
05112
05113
05115
05116
05117
05118
05119
05120
05121
05401
04096
04365
04651
05502
05123
05124
00002
05126
00006
00007
00009
00010
00060
00011
05310
05312
05313
05314
05315
05316
05317
05318
05319
05320
05321
05322
05323
05325
05326
05327
05328
05329
05330
05331
05332
05333
05334
05335
05336
05337
05338
05339
05340
05341
05342
05343
05344
05345
05346
05347
05348
05349
05350
05351
05352
05353
05354
05355
05356
05357
05358
05359
05360
05361
05362
05363
05364
05365
05367
05370
05371
05372
05373
05374
05375
05376
05377
05378
05379
05380
05381
05382
01858
01860
01861
01864
01866
01867
01139
01140
01141
01142
01143
01144
01146
01148
01868
01149
01150
01151
01153
02705
02706
02708
02709
02710
02711
02713
02714
02715
02716
02717
02722
02724
02725
02726
02726
02727
02728
02729
02730
02731
02733
02735
01154
01155
01156
01158
01159
01160
01161
01162
01163
01165
01166
02736
02737
02739
02740
02741
02742
02743
02744
02745
02746
02748
02751
02752
02754
02755
02756
02758
02759
02760
02761
02762
02763
02765
02767
02770
02772
02773
02774
02775
01167
01169
01170
01172
01173
01176
01177
01178
01179
01180
01181
01183
01184
01185
01187
01188
01189
01190
02776
02777
02778
02779
02780
02784
02785
02783
02786
02787
02788
02789
02790
02791
02792
02794
02795
01191
01193
02796
02797
02798
02800
02803
02805
02806
01195
01196
01197
01198
02807
01200
01201
01202
00288
01832
00989
00552
01203
03023
01869
01870
01871
01873
04500
04501
04502
04503
04504
05387
05388
05389
05390
00978
00979
00980
00981
00983
00984
00985
00987
00988
00990
00991
00992
00993
00994
00995
00996
00998
00999
01001
01002
01011
01013
01014
05384
05385
05386
05391
05392
05393
04705
04720
04724
04725
04726
04727
04728
04730
04731
04732
04736
04737
04735
04738
04739
04740
04741
04742
04743
01015
01016
04744
01017
01018
04745
01019
04746
04748
01020
04750
01021
04751
04752
01022
01023
01024
04753
02271
02273
02277
02279
02280
02282
02283
02284
02285
02287
02288
02290
02291
02292
04754
04755
04756
04757
02293
02294
02295
02296
02297
02299
02300
02301
02302
02304
04758
04760
04761
04762
04763
04764
04765
04766
04767
04769
04770
04771
04772
04773
04774
04775
04776
04778
04779
04780
04781
04782
04783
04784
04785
04786
04787
04788
04789
04790
04791
04792
04793
04794
04795
04795
04796
04797
04799
00422
00423
00424
00425
00429
00430
00433
00432
00434
00435
00436
00437
00438
00439
00440
04063
00441
00443
03203
00272
03964
04192
04806
04994
04989
04468
04462
04456
04357
04201
04080
02451
02450
02447
02445
02444
02443
02442
02441
02440
02439
02436
02435
02434
02433
02431
02430
02429
02000
02001
02002
02003
02004
02005
02006
02007
02008
02009
02010
02011
02012
02013
02015
02017
02018
02019
02020
02021
02023
03903
03904
03905
04041
04042
04043
04044
04045
04046
04047
04048
04049
04050
04051
02025
02026
02027
02016
05414
05415
05418
05420
05421
05422
05423
05424
05426
05428
05429
05430
05431
05434
05435
05436
05437
05438
05439
05440
05441
05442
05443
05444
05445
05446
05447
05448
05449
05450
05451
05452
05453
05454
05455
05457
05458
05459
05460
05461
05462
05463
05464
05465
05466
05467
05468
05469
05470
05471
05472
05473
05474
05475
05476
05477
05478
04053
04054
04055
04056
04057
04058
04060
04061
04062
04064
04065
04067
04068
04069
04070
04071
04073
04074
04076
04077
04078
04079
04083
04084
04085
04086
04087
04088
04089
04091
04092
04093
04094
04097
04098
04099
04101
04102
04104
04105
04106
04107
04108
04109
04110
04111
04112
04113
04115
04116
01777
01778
01779
01780
01781
01782
01783
01784
01785
01788
01789
01791
01793
02400
02402
02404
02405
02406
02407
02408
02409
02410
02411
02412
02414
02418
02419
02421
02422
02423
02424
02428
02432
00341
00342
00343
00344
00346
00347
00350
00351
00352
00353
00355
00356
00359
00360
00361
00362
00364
00365
00366
00368
05479
05480
05481
05482
05483
05484
05485
05486
05487
05488
05489
05490
05491
04691
05492
05493
05494
04692
05495
05496
05500
04693
05501
04713
05505
04699
04712
04714
04715
04716
04717
04719
05509
05511
05512
05513
05515
05516
05517
05518
05519
05520
05521
05522
05523
05524
05525
05526
05527
05528
05529
05530
05531
05532
05533
05534
00880
02826
04276
04279
04280
04282
04283
04285
04288
04295
04117
04118
04119
04126
04127
04129
04130
04131
04133
04140
04141
04142
04143
04144
04145
04146
04147
04148
04148
04149
00569
00570
00573
00574
00575
00305
00306
00307
04290
03350
03351
03352
03353
03354
03356
03357
03359
03360
03361
03362
03363
03364
03365
03366
03368
03369
04152
04153
04154
04155
04156
04157
04158
04159
04160
04161
04162
04168
04169
04171
04172
04036
04037
04040
04451
04452
04453
04454
04457
04459
04461
04464
05200
05202
05203
05204
05205
05206
05207
05209
05210
05211
05212
05212
05213
05214
05215
05216
05218
05219
05220
05221
05222
05223
05241
03370
03371
03372
03374
03375
03379
03380
03382
03384
03391
03391
03396
03398
02973
02975
02976
02977
02979
02980
02981
02983
02984
02987
02988
02989
02990
02992
02993
02996
02998
03376
03377
03096
03098
03099
03100
03101
03102
03103
03105
03107
03108
03109
03378
03385
03386
03110
03112
03387
03388
03389
03390
03392
03393
03395
03397
03399
03400
03401
03402
03403
04336
04336
04337
04338
04339
04340
03113
03404
03405
04341
03406
03115
03116
03117
03407
03407
03408
03409
03410
03411
03412
03414
03416
03417
03419
03420
03421
03422
03423
03424
03425
03426
03427
03428
03429
03430
03118
03431
03432
03433
03434
03119
03026
03435
03436
03437
03440
03441
03442
03445
03000
03001
03002
03004
03005
03006
03006
03008
03009
03010
03011
03012
03013
03014
03015
03016
03017
03017
03018
03019
03020
03021
03022
03024
03027
03029
03031
03033
03034
03036
03037
03038
03039
03040
03042
03043
03044
03045
03049
03050
03051
03055
03057
03059
03061
03062
03063
03064
03065
03067
03068
03069
03070
03071
03071
03072
03073
03075
03076
03077
03079
03080
03081
03085
03446
03447
03448
03449
03450
03451
03452
03453
03454
03454
03455
03456
03457
03458
05536
05537
05538
05539
05540
05541
05542
05543
05544
05545
05546
05547
03459
03460
02497
02498
03120
03121
03122
03086
03087
03089
03090
03091
03092
03093
03094
03095
00369
00370
00371
00372
00374
00374
00375
00376
00377
00378
00379
00380
00381
00382
00383
00385
00386
00387
00388
00389
00390
00391
00392
00393
00395
00397
00399
00400
00402
00403
00403
00404
00405
00407
03123
03124
03125
03126
03127
03128
03129
03130
03131
03132
03134
03135
03136
03137
03138
03139
03140
03141
03142
03143
03145
03146
03147
03148
03149
03150
03151
03152
03152
03153
03154
03155
03156
03157
03159
03160
03161
03162
03163
03164
03165
03166
03167
03168
03169
03170
03171
03172
03173
03174
03175
03176
03177
03178
03179
03180
03181
03182
03183
03184
03185
03186
03187
03188
03189
03190
00408
00411
00412
00413
04173
00414
00415
00416
00417
00418
00420
00421
04505
04506
04507
04465
04466
04467
04469
04470
04471
04472
04473
04474
04475
04476
04477
04478
04479
04480
04481
04482
04483
04484
04485
04486
04487
04488
04489
04490
04491
04492
04492
04508
04509
04510
04511
04512
04513
04514
04515
04516
04520
04521
04522
04523
04524
04525
04526
04527
04528
04529
04530
04531
04532
04533
04534
04534
04535
04536
04537
03191
03192
03193
03194
03195
03196
03197
03198
03199
03200
03201
03202
03204
03205
03206
03207
03208
03210
03211
03212
03213
03214
03215
03216
03218
03219
03220
03222
03223
03224
03225
03226
03227
03228
03229
03230
03230
03231
03232
03233
03234
03235
03236
03237
03239
03241
03241
03243
03244
03245
03246
03247
03248
03249
03250
03251
03252
03254
03255
03256
03257
03258
03259
03260
03261
03262
03263
03263
03264
03265
03267
03268
03269
03270
03271
03272
03273
03274
03275
03276
03276
03276
03278
03279
04538
04539
04540
04541
04542
04543
04544
04545
04546
04547
04548
04549
00427
00428
04550
04551
04552
04553
04554
04554
04555
04556
04557
04558
04559
04560
04561
04562
04563
04564
04565
04566
04566
04567
04568
04569
04570
04571
04572
04573
04574
04575
04576
04578
04579
04580
04583
04584
04585
04586
04587
04588
04589
04590
04591
04593
04594
04595
04596
04597
04598
04599
04600
03492
03493
03494
03495
03496
03499
03500
03501
03502
03504
04601
04602
04603
04604
04605
04606
04607
04608
04609
04610
04611
04612
04613
04614
04615
04616
04617
04618
04619
04620
04621
04622
04623
00373
04174
04175
04176
04177
04178
04179
04180
04181
04182
04183
04184
04185
04186
04187
04188
04189
04190
04191
04193
04194
04195
04196
04197
04198
04199
04200
04202
04493
04494
04495
04496
04497
04498
04499
00001
00003
00004
00005
00008
03373
00012
00013
00015
00016
00017
00018
00018
00019
00021
00022
00029
00030
00031
00032
00033
00036
00036
00037
00038
00041
00042
00044
00047
00049
00050
00053
00054
00055
00056
00059
00061
00062
00063
00064
00064
00065
00066
00067
00068
00070
00071
00079
00085
00088
00092
00093
00095
00096
00101
00102
00103
00104
00105
00107
00108
00113
00114
00119
00121
00123
00126
00128
00129
00130
00131
00132
00134
00135
00136
00137
00138
00139
00140
00141
00142
00144
00148
00149
00151
00153
00154
00155
00156
00158
00161
00171
00176
00178
00190
00196
00197
00200
00201
00213
00236
00240
00254
00273
00275
00279
00281
00282
00285
00286
00287
00289
00290
00291
02523
02524
02525
02526
02527
02528
02529
02530
02531
02532
02533
02534
02535
02536
00292
00294
00295
00296
00297
00298
00299
00299
00300
00301
00302
00303
00304
05535
00309
00309
00310
00310
00315
00316
00317
00345
00348
00349
00354
00357
00358
00363
00367
00384
00394
00398
00401
00406
00409
00410
00419
00426
00431
00442
00444
00445
00446
00447
00448
00449
00450
00451
00452
00453
00454
00455
00456
00457
00458
00459
00460
00461
00462
00463
00464
00465
00466
00467
00468
00469
00470
00471
00472
00473
00474
00474
00475
00476
00477
00478
00479
00480
00481
00482
00483
00484
00485
00486
00487
00488
00489
00490
00491
00492
00493
00494
00495
00496
00497
00498
00499
00500
00501
00502
00503
00504
00505
00506
00507
00507
00508
00509
00510
00511
00512
00513
00514
00515
00516
00517
00518
00519
00520
00521
00522
00523
00524
00525
00526
00527
00396
00528
00529
00530
00531
00532
00533
00534
00535
00536
00537
00538
00539
00540
00541
00542
00543
00544
00545
00546
00547
00548
00549
00550
00551
00554
00555
00556
00558
00559
00560
00561
00563
05416
05417
05419
00564
00565
00567
00580
00581
00582
00584
00585
00586
00587
00593
00594
00598
00599
00600
00603
00604
00605
00609
00621
00622
00623
00627
00629
00630
00631
00632
00633
00634
00635
00638
05425
00639
00639
00643
00644
00645
00646
00647
00648
00649
00650
00651
00652
00653
00654
00655
00656
00657
00658
00659
04921
00660
00660
00661
00662
00662
00663
00664
00665
00666
00667
00668
00669
00670
00671
00672
00673
00674
00675
00676
00677
00678
00679
00680
00681
00682
00683
00684
00685
00686
00687
00688
00689
00690
00691
00692
00693
00694
00695
00696
00697
00698
00699
00700
00701
00702
00703
00704
00705
00706
00707
00708
00709
00710
00711
00712
00713
00714
00715
00716
00717
00718
00719
00720
04926
04939
04941
04947
04955
04955
04966
04971
04972
05009
05038
05043
05052
00756
00757
00758
00759
00760
00761
00761
00762
00763
00764
00721
00722
00723
00724
00725
00726
00727
00728
00729
00730
00731
00732
00733
00734
00735
00736
00737
00738
00739
00739
00740
00741
05055
05057
05060
05060
05061
05082
05084
05093
05094
05098
05104
05114
05122
05125
05142
05143
05144
05145
05146
05147
05148
05149
05150
05151
05152
05153
05154
05155
05156
05157
05158
05159
05160
05161
05162
05163
05164
05165
05166
05167
05168
05169
05170
05171
05172
05173
05174
05175
05176
05177
05178
05179
05180
05181
05182
05183
05184
05185
05186
05187
05188
05189
05190
05191
05192
05193
05194
05195
05196
05197
05198
05199
05201
05208
05217
05250
05252
05254
05276
00742
00743
00744
00745
00746
05291
00747
00748
00749
00750
00751
00752
00753
00754
00754
00755
00765
00766
00767
00768
00769
00770
00771
00772
00773
00774
00775
00776
00777
00778
00779
00780
00781
00782
00783
00784
00785
00786
00787
00788
00788
00789
00790
00791
00792
00793
00794
00795
00796
00796
00797
00798
00799
00800
00801
00802
00803
00804
00805
00806
00807
00808
00809
00810
00811
00812
00813
00814
00815
00816
00817
00818
00819
00820
00821
00822
00823
00824
00825
00826
00827
00828
00829
00830
00831
00832
00833
00834
00835
00836
00837
00838
00839
00840
00841
00842
00843
00844
00845
00846
00847
00848
00849
00850
00851
00852
00853
00854
00855
00856
00857
00858
00859
00860
00861
00862
00863
00864
00865
00866
00867
00868
00869
00870
00871
00872
00873
00874
00875
00876
00877
00878
00879
00881
00882
00883
00884
00885
00886
00887
00888
00889
00890
00891
00892
00893
00894
00895
00896
00897
00898
00899
00900
00901
00902
00903
00904
00905
00906
00907
00908
00909
00910
00911
00912
00913
00914
00915
00916
00917
00918
00919
00920
00921
00922
00923
00924
00925
00926
00927
00928
00929
00930
00931
00932
00933
00934
00935
00936
00937
00938
00939
00940
00941
00942
00943
00944
00945
00946
00947
00948
00949
00950
00951
00952
00953
00954
00955
00956
00957
00958
00959
00960
00961
00962
00963
00964
00965
00966
00967
00968
00969
00970
00971
00972
00973
00974
00975
00976
00977
00982
00986
00997
01000
01003
01004
01005
01006
01007
01008
01009
01010
01012
01025
01026
01027
01028
01029
01030
01031
01032
01033
01034
01035
05295
04581
05427
05432
05433
05456
05497
05498
05499
05503
05504
05506
05507
05508
05510
05514
01036
01037
01038
01039
01040
01041
01042
01043
01044
01045
01046
01047
01048
01049
01050
01051
01052
01052
01053
01054
01055
01056
01057
01058
01059
01060
01061
01062
01063
01064
01065
01066
01067
01068
01069
01070
01071
01072
01073
01074
01075
01076
01077
01078
01079
01080
01081
01082
01083
01084
01199
01204
01085
01086
01086
01087
01088
01507
01508
01509
01510
01511
01512
01089
01090
01091
01092
01093
01094
01095
01096
01097
01098
01099
01100
01101
01513
01514
01515
01516
01517
01518
01519
01520
01521
01521
01522
01523
01524
01525
01526
01527
01528
01528
01529
01530
01531
01532
01533
01534
01535
01535
01536
01537
01538
01539
01540
01541
01542
01543
01544
01545
01546
01547
01548
01549
01550
01551
01552
01553
01554
01555
01556
01102
01103
01104
01105
01557
01106
01107
01108
01558
01559
01560
01561
01562
01563
01564
01564
01565
01566
01567
01568
01569
01570
01571
01572
01573
01574
01575
01576
01577
01578
01579
01580
01581
01582
01583
01584
01585
01586
01587
01588
01589
01590
01591
01594
01600
01604
01605
01609
01610
01109
01110
01111
01112
01113
01114
01115
01116
01117
01118
01119
01120
01121
01121
01122
01123
01124
01125
01126
01127
01128
01129
01130
01131
01131
01132
01133
01134
01135
01136
01137
01138
01145
01147
01152
01157
01164
01168
01171
01174
01175
01182
01186
01192
01194
01205
01206
01207
01208
01209
01210
01211
01212
01213
01214
01215
01216
01613
01217
01218
01219
01220
01221
01222
01223
01223
01224
01225
01226
01227
01228
01229
01230
01231
01232
01233
01234
01235
01236
01237
01238
01615
01239
01240
01241
01242
01243
01244
01245
01246
01247
01248
01249
01250
01251
01252
01253
01254
01255
01256
01257
01258
01259
01260
01261
01262
01263
01264
01265
01266
01267
01268
01269
01270
01271
01272
01273
01274
01275
01276
01277
01278
01279
01280
01281
01282
01283
01284
01285
01286
01287
01288
01622
01289
01290
01290
01291
01292
01292
01293
01294
01295
01295
01296
05411
05412
05413
01947
01949
01949
01950
01951
01952
01953
01954
01955
01957
01958
01959
01960
01961
01962
01963
01964
01965
01627
01633
01638
01648
01659
01670
01671
01677
01678
01679
01684
01686
01697
01698
01699
01700
01701
01701
01702
01703
01704
01705
01706
01707
01708
01709
01710
01711
01712
01713
01714
01715
01967
01968
01969
01970
01971
01972
01973
01974
01975
01976
01977
01978
01979
01980
01981
01982
01983
01984
01986
01987
01988
01989
01990
01991
01992
01993
01994
01995
01996
01997
01998
01999
02014
02022
02024
02028
02029
02030
01716
02031
02031
02031
01717
01718
01719
01720
01721
01722
01723
01725
01724
01726
01727
01728
01729
01730
01731
01732
01733
01734
01735
02032
02033
02034
02035
03505
03506
03507
03281
03282
03283
03284
03285
03285
03286
03287
03288
03508
03509
03510
03289
03290
03291
03292
03293
03511
03512
03513
03294
03295
03514
03515
03516
03517
03518
03519
03520
03521
03296
03297
03298
03299
03522
03300
03523
03301
03302
03524
03303
03304
03525
03526
03305
03527
03306
03528
03307
03529
03308
03530
03309
03310
03311
03531
03532
03533
03534
03312
03313
03535
03535
03536
03536
03537
03538
03539
03314
03540
03315
03541
03542
03543
03316
03544
03317
03318
03545
03319
03546
03547
03320
03548
03549
03321
03322
03550
03551
03552
03553
03323
03554
03324
03555
03556
03557
03558
03559
03560
03561
03562
03325
03326
03327
03328
03329
03563
03330
03331
03332
03564
03333
03565
03566
03567
03568
03334
03335
03569
03570
03571
03336
03337
03338
03572
03573
03574
03575
03576
03577
03578
03339
03340
03341
03579
03580
03581
03342
03582
03583
03584
03585
03586
03343
03587
03588
03344
03345
03346
03347
03589
03590
03348
03591
03593
03594
03349
03595
03596
03355
03358
03597
03367
03381
03598
03599
03383
03394
03600
03413
03415
03601
03602
03418
03603
03438
03439
03604
03605
03606
03607
03443
03444
03461
03462
03463
03463
03608
03609
03610
03611
03612
03613
03614
03614
03464
03465
03466
03467
03468
03615
03469
03470
03470
03616
01297
01298
01299
01300
01301
01302
03617
01303
01304
01305
01306
01307
03618
03471
03472
03473
03474
03475
03476
01308
03619
03477
01309
01310
01311
01312
01313
01314
01315
01316
03620
03621
01317
03622
03622
03622
03623
01318
01319
01320
01321
01322
01323
01324
01325
01326
01327
01328
01329
03624
01330
01331
01332
01333
01334
01335
01336
01337
01338
01339
03478
03479
03480
03481
03482
03482
03483
03625
03626
03627
03628
03629
03630
03631
03632
03633
03634
03635
05309
03636
03637
03638
03639
03640
03641
03642
03643
03644
03645
03646
01340
03647
03484
03648
03649
03650
03651
03652
01341
01342
01343
01343
01344
01345
01346
01347
01348
01349
01350
01351
01352
01353
01354
01355
01356
01357
01358
01359
01360
03653
03485
03486
03654
01361
03655
03656
03657
03658
03659
03660
03661
03662
03663
03664
03665
03666
03667
03668
03669
03670
01362
01363
01364
01365
01366
01367
01368
03671
03672
01369
03673
03674
03674
03675
03676
03677
03678
03679
01370
03680
03681
03681
03682
03683
03683
03684
03685
03686
03687
03688
01370
01371
01372
01373
01374
01374
01375
01376
01377
01378
01379
01380
01381
01382
01383
01384
03689
03690
01385
01386
03691
01387
01388
01389
01390
01391
01392
01393
01394
01395
01396
01397
01398
01398
01399
01400
01401
01402
03692
03693
01403
01404
01405
01406
03694
03695
03696
03697
03698
03699
03700
03701
03702
03703
03704
03705
03706
03707
03708
03709
03710
03711
01407
03712
01408
01409
01410
03713
03714
03715
01411
03487
03716
03717
03488
03489
03718
03490
03491
03719
01412
03498
03500
03592
03720
03721
03722
03723
03724
03725
03725
03726
03727
03728
03729
03720
03730
03731
03732
03733
03734
03735
03736
03737
03738
03739
03740
03741
03742
03743
03744
03745
03746
03747
01413
01414
01415
01416
01417
01418
01419
01420
01421
01422
01423
03748
03749
03750
03751
03752
01424
01425
01426
01427
03753
03754
03755
03756
03757
03758
03759
03760
03761
03762
03763
03764
03765
03766
01428
01429
01430
01431
01432
01433
01434
03767
01435
01436
03768
03769
03770
03771
01437
01438
01439
01440
01441
01442
03772
03773
03774
03775
01443
01444
03777
01445
01446
01447
01448
03778
01449
03779
03780
01450
01451
01452
01453
01454
01455
01456
01457
01458
01459
01460
01461
01461
01462
01463
01464
01465
01466
01467
01468
01469
01470
01471
01472
01473
01474
01475
03781
03782
03783
03784
01476
01477
01478
01479
03785
01480
01481
01482
01483
01484
01485
01486
01487
01488
01489
01490
01491
01492
01493
01494
01495
01496
01497
01498
01499
03786
03787
03788
03789
01500
03790
03791
03792
03793
03794
03795
03796
03797
01501
01502
01503
03798
01504
01505
03799
03800
01506
03801
03802
01738
01739
01740
01741
01742
01743
01745
01746
01747
01748
01749
01750
01751
01752
01753
02036
03620
03776
03803
03804
03805
03806
03807
03808
03809
03810
03811
03812
03813
03814
03815
03816
02037
02038
02039
02040
02041
02041
02042
03817
03818
03819
03820
03821
03822
03823
03823
03824
03825
03826
03827
03828
03829
03830
03831
03832
03833
03834
03835
03836
03837
03838
03839
03840
03841
03842
03843
03844
03845
03846
03847
03848
03849
03850
03851
03852
03853
03854
03855
03856
03857
03858
03858
03859
03860
03861
02043
01736
01737
01744
03862
03863
03864
03865
03866
03867
03868
03869
03870
03871
03872
03873
03874
03875
03876
03877
03878
03879
03880
03881
03882
03882
03883
03884
03885
03886
03887
03888
03889
03890
03891
03892
03893
03894
03895
03896
03897
03898
03899
03900
03901
03902
03906
03907
03908
03909
03910
03911
03912
03913
03914
03915
03916
03917
03918
03919
03919
03920
03921
03922
03923
03924
03925
03926
03927
02044
02044
02044
02045
02046
02047
02048
02049
02049
02050
02051
02051
02052
02053
02054
03928
03929
03930
03931
03932
03933
03934
03935
03936
03937
03938
03939
03940
03941
03942
03943
03944
03945
03946
03947
03948
03948
03949
03950
03951
03952
03953
03954
03955
03956
03957
03958
03959
03960
03961
03962
03963
03965
03966
03967
03968
03969
03970
03971
03972
03973
03974
03975
03976
03977
03978
03979
03980
03981
03982
03983
03984
03985
03986
03987
03988
03989
03990
04966
05301
05311
05324
05366
05368
05369
05383
05383
05394
05395
05396
05397
05398
05399
05400
05402
05403
05404
05405
05406
05407
05407
05408
05408
05409
05410
03991
03992
03993
03994
03995
03996
03997
03998
03999
04000
04001
04002
04003
04004
04005
04006
04007
04008
04009
04010
02387
02388
02389
02390
02391
02392
02393
02394
02395
02396
02397
02398
02399
02401
02403
02413
02415
02416
02417
02420
02425
02426
02427
02437
02438
02446
02448
02449
02452
02453
02454
02455
02456
02457
02458
02459
02460
02461
02462
02463
02464
02465
02466
02467
02468
02469
02470
02471
02055
02056
02057
02058
02059
02060
01754
01755
01756
04011
04012
04013
01757
01758
04014
01759
04015
01760
01761
04016
01762
04017
01763
04018
01764
04019
04020
01765
04021
04022
04023
04024
04025
04026
04027
04028
04029
04030
04031
04032
01766
04033
01767
04034
01768
04035
01769
04038
04039
04052
04059
01770
04066
01771
01772
04072
01773
04075
04081
01774
04082
01775
01775
01776
04090
01786
01787
04095
01790
04100
01792
04103
01794
04114
04120
04121
01795
01796
04122
01797
04123
01807
01816
04124
01817
01818
04125
01818
04128
01820
04132
01821
04134
01823
01824
01825
01826
04135
01827
04136
04137
01828
01829
04138
01830
01831
01833
01835
04139
04150
04151
01837
04163
01838
04164
01839
04165
01840
04166
04167
01843
01844
04170
01845
04203
01846
01847
04204
01848
04205
01849
04206
01850
04207
01851
04208
01853
04209
01854
01855
04210
01856
04211
01857
04212
01859
04213
04214
01862
04215
01863
04216
04217
01865
01872
01874
01874
04218
01875
01876
01877
01878
01879
04219
01880
04220
02500
02501
01881
04221
01882
02502
01883
04222
02503
02504
01884
04223
02505
01885
04224
02506
01886
04225
04226
02507
01887
04227
01888
02508
01889
02509
04228
01890
02510
04229
02511
01891
04230
04231
01892
02512
04232
01893
01894
02513
04233
02514
01895
04234
02515
01896
04235
01897
04236
04237
01898
02516
02517
01899
04238
04239
04240
01900
04241
01901
01902
04242
02518
01903
04243
01904
02519
02520
02521
02522
02537
01905
04244
04245
04246
01906
02539
04247
01907
02540
01908
04248
02541
01909
04249
02542
01910
04250
01911
04251
01912
02543
01913
04252
01914
04253
01915
02544
02545
01916
04254
01917
02546
01918
01919
02547
04255
01920
02548
01921
02549
04256
01923
04257
01924
04258
02550
01925
01926
04259
02551
01927
04260
01928
02552
01929
02553
01930
04261
01931
02554
01932
04262
01933
02555
01934
04263
02556
01935
01936
02557
01937
02558
02559
02560
02561
02562
02563
02564
02565
02566
01938
01939
02567
02568
01940
01941
01942
01943
01944
01945
01946
01948
02569
01956
01956
02570
01956
02571
02572
02573
01966
01985
04264
02574
02575
02576
02577
02578
02579
02061
02062
02063
02580
02581
02582
02583
02584
02064
02585
02586
02587
02588
02589
02064
04265
04266
04267
04268
04269
02065
02066
02067
02068
02069
02070
02071
02072
02590
02073
02590
02074
02075
02076
02077
04270
04271
04272
04273
04274
04275
04277
04278
04281
04284
04286
04287
04289
02078
02079
02591
02592
02593
02594
02595
02596
02080
02081
02082
02597
02598
02599
02083
02084
02085
02086
02600
04291
04292
04293
04294
04296
04297
04298
02087
02601
02602
02603
02604
02605
02606
02607
02608
02609
02610
02088
02089
02090
02091
02611
02612
02092
02093
02094
02095
02096
02097
02613
04299
02098
02099
02100
02614
04300
02101
02615
02616
02102
02617
02103
04301
02104
02618
02619
02105
02106
04302
02107
04303
02620
02108
04304
04305
04305
04306
04307
04308
04309
02109
02110
02621
02622
02623
02624
02625
02626
02627
02628
02629
02111
02112
02113
02114
02115
02116
02630
04310
04311
02117
04312
02631
02118
02632
02119
02119
02120
02121
02122
02123
02633
02124
02125
02634
02126
04313
02635
02636
02637
02638
02639
02640
02641
02127
04314
04315
04316
04317
04318
04319
04320
04321
04322
04323
04324
04325
04326
04327
04328
04329
04330
04331
04332
04334
04342
04343
04344
04345
04346
04348
04349
04350
04351
04352
04353
04354
02128
02129
02129
04355
04356
02130
02131
02642
02643
02644
02645
02646
02647
04358
04359
02132
02133
02134
02135
02136
02137
02138
02648
02649
02650
02651
02652
02653
02139
02140
02141
02142
02654
04360
04361
04362
02143
04363
02144
02145
02146
02655
02656
02147
02148
02657
04364
02149
02150
02151
02152
02153
04366
02658
04367
04368
02154
02659
04369
02155
02660
02156
04370
04371
02157
02158
02159
02160
02161
02162
02661
02662
02663
02664
02667
02670
02672
02673
02676
02677
02680
02682
02684
02685
02163
04372
04373
04374
02164
02165
02166
02686
02167
02168
02169
02685
02687
02171
02172
02173
02174
02175
02176
02177
02178
02179
02180
02181
02182
02183
02184
02185
02186
02187
02188
02189
02190
02191
02192
02193
02689
02690
02691
02693
02694
02695
02696
02697
02194
04375
02195
02698
02699
02700
02702
02703
02196
04376
04377
02197
02198
02199
02200
02201
02202
02704
04378
02203
02204
02205
02206
02207
02208
02209
02210
02707
02211
02212
04379
04380
04381
04382
04383
04384
04385
04386
02213
02712
02214
02215
02216
04387
04388
02217
02218
02218
02718
02719
02720
02721
02723
02732
02219
04389
04390
04391
04392
04393
04394
02220
02221
02222
02223
02224
02225
02734
02738
02747
02749
02750
02753
02757
02764
02766
02768
02769
02771
02781
04395
02226
02782
04396
02793
02799
02801
02802
02804
02808
02227
04397
04398
04399
04400
04401
04402
04403
04404
04405
04406
04407
02228
02229
02230
02231
02232
02233
02234
02235
02236
02237
02238
02239
02240
02241
02242
02243
02244
02245
02809
02810
02811
02812
02813
02814
02815
02816
02817
02818
02819
02246
02247
02248
02820
02249
04408
04409
04410
02250
02251
02821
02252
02252
02822
02823
02253
04411
02254
02255
02256
02257
02258
02259
02260
02261
02262
02263
02264
02265
02266
02267
02268
02269
02824
02825
02825
02827
02828
02831
02832
02270
04412
04413
04414
04415
02272
02836
02838
02841
02842
02843
02845
02274
04416
04417
04418
02275
02276
02848
02278
02849
02850
02851
02853
02854
02281
04419
02855
02286
02289
02298
02303
02856
02857
02858
02859
02860
02861
02862
02863
02864
02865
02305
02306
02307
02308
02309
02310
02311
04419
04420
04421
04422
02312
04423
02313
02314
02314
02315
04424
04425
02315
04424
02316
02317
04426
02318
02319
02320
04427
04428
04429
04430
03000
04431
02321
04432
04433
03003
04434
03007
03025
04435
02321
03028
04436
02322
03030
04437
02323
02324
02325
02326
02327
02328
02329
02330
02331
02332
03032
03034
03035
03041
03046
03047
03048
03052
03053
03054
03056
03058
03060
03066
03074
03078
03082
03083
03084
03088
04438
02333
02332
02334
02335
04439
03097
02336
03104
03106
03111
03114
03133
03141
02337
02338
02339
02340
04440
02341
03144
04441
02342
02343
02344
02345
02346
02347
02347
03158
03209
03217
03221
03238
03240
02348
02349
02350
03242
04442
03253
03256
03266
03277
03280
04443
04444
04445
04446
04447
04448
04449
04450
04455
04458
04458
02351
04443
02352
04460
02353
04461
04463
04517
04518
02354
02355
02355
04519
04519
02356
02357
02358
02359
02360
02361
02362
02363
02364
02364
02365
02366
02367
02368
02369
02370
02371
02372
02373
02374
04577
02375
04582
02376
02377
02378
02379
02380
04592
04624
04625
04626
04627
04628
04629
04630
04631
04632
04633
04634
04635
04636
04631
04637
04638
02381
04639
04640
04641
04642
04643
04644
04645
04646
04647
04648
04649
04650
04652
04662
04653
04654
04655
04656
04657
04658
04659
02382
04660
02383
02384
02385
02386
02472
02473
02474
02475
02476
04661
04663
02477
02478
04664
02479
02480
04665
04666
04667
04668
04669
04670
04671
04672
04673
04674
04675
04676
04677
04678
04679
04680
02481
02482
04682
02483
02484
04683
04684
04685
04686
04687
04688
04689
04690
02485
02486
02487
04694
04695
04696
04697
04698
04706
04707
04708
04709
04710
04711
04718
04721
04722
02488
02489
02490
02491
02492
04723
02493
02494
02495
04729
04733
04734
02496
04747
04759
02499
02538
02692
02866
02867
02868
02869
02870
02871
02872
02873
04768
04777
02874
04798
02875
02876
02877
02878
02879
02880
02881
02882
02883
02884
02885
02886
02887
02888
02889
02890
02891
02892
02893
02894
02895
02896
02897
02898
02899
02900
02901
02902
02903
02904
02905
02906
02907
02908
02909
02910
02911
02912
02913
02914
02915
04800
04805
04807
04818
04833
04842
04851
04872
04884
04897
02916
02917
02918
02919
01922
02920
02170
02921
02922
02923
02924
02925
02926
02927
02928
02928
02929
02930
02931
02932
02933
02934
02935
02936
02937
02938
02939
02940
02941
02941
02942
02943
02944
02945
02946
02947
02948
02949
02950
02951
02952
02953
02954
02955
02956
02957
02958
02959
02960
02961
02962
02963
02964
02965
02966
02967
02968
02969
02970
02971
02972
02974
02978
02982
02985
02986
02991
02994
02995
02995
02997
02999
